0.0009727626459143969 3.224246332419797e-05
0.001945525291828794 6.448492664839594e-05
0.002918287937743191 9.67273899725939e-05
0.003891050583657588 0.0001289698532967919
0.004863813229571985 0.0001612123166209898
0.005836575875486381 0.0001934547799451878
0.006809338521400778 0.0002256972432693858
0.007782101167315175 0.0002579397065935838
0.008754863813229572 0.0002901821699177817
0.009727626459143969 0.0003224246332419797
0.01070038910505837 0.0003546670965661777
0.01167315175097276 0.0003869095598903756
0.01264591439688716 0.0004191520232145736
0.01361867704280156 0.0004513944865387715
0.01459143968871595 0.0004836369498629695
0.01556420233463035 0.0005158794131871675
0.01653696498054475 0.0005481218765113655
0.01750972762645914 0.0005803643398355634
0.01848249027237354 0.0006126068031597614
0.01945525291828794 0.0006448492664839593
0.02042801556420233 0.0006770917298081574
0.02140077821011673 0.0007093341931323553
0.02237354085603113 0.0007415766564565533
0.02334630350194553 0.0007738191197807512
0.02431906614785992 0.0008060615831049493
0.02529182879377432 0.0008383040464291472
0.02626459143968872 0.0008705465097533451
0.02723735408560311 0.0009027889730775431
0.02821011673151751 0.0009350314364017411
0.02918287937743191 0.0009672738997259391
0.0301556420233463 0.000999516363050137
0.0311284046692607 0.001031758826374335
0.03210116731517509 0.001064001289698533
0.03307392996108949 0.001096243753022731
0.03404669260700389 0.001128486216346929
0.03501945525291829 0.001160728679671127
0.03599221789883268 0.001192971142995325
0.03696498054474708 0.001225213606319523
0.03793774319066148 0.001257456069643721
0.03891050583657588 0.001289698532967919
0.03988326848249027 0.001321940996292117
0.04085603112840467 0.001354183459616315
0.04182879377431906 0.001386425922940513
0.04280155642023346 0.001418668386264711
0.04377431906614786 0.001450910849588909
0.04474708171206226 0.001483153312913107
0.04571984435797665 0.001515395776237305
0.04669260700389105 0.001547638239561502
0.04766536964980544 0.0015798807028857
0.04863813229571985 0.001612123166209899
0.04961089494163424 0.001644365629534096
0.05058365758754864 0.001676608092858294
0.05155642023346303 0.001708850556182492
0.05252918287937743 0.00174109301950669
0.05350194552529183 0.001773335482830888
0.05447470817120623 0.001805577946155086
0.05544747081712062 0.001837820409479284
0.05642023346303502 0.001870062872803482
0.05739299610894941 0.00190230533612768
0.05836575875486381 0.001934547799451878
0.05933852140077821 0.001966790262776076
0.06031128404669261 0.001999032726100274
0.061284046692607 0.002031275189424472
0.0622568093385214 0.00206351765274867
0.0632295719844358 0.002095760116072868
0.06420233463035019 0.002128002579397066
0.0651750972762646 0.002160245042721264
0.06614785992217899 0.002192487506045462
0.06712062256809338 0.00222472996936966
0.06809338521400778 0.002256972432693858
0.06906614785992218 0.002289214896018056
0.07003891050583658 0.002321457359342254
0.07101167315175097 0.002353699822666452
0.07198443579766536 0.00238594228599065
0.07295719844357977 0.002418184749314847
0.07392996108949416 0.002450427212639046
0.07490272373540856 0.002482669675963244
0.07587548638132295 0.002514912139287442
0.07684824902723736 0.00254715460261164
0.07782101167315175 0.002579397065935837
0.07879377431906615 0.002611639529260035
0.07976653696498054 0.002643881992584233
0.08073929961089495 0.002676124455908431
0.08171206225680934 0.002708366919232629
0.08268482490272373 0.002740609382556828
0.08365758754863813 0.002772851845881025
0.08463035019455253 0.002805094309205223
0.08560311284046693 0.002837336772529421
0.08657587548638132 0.002869579235853619
0.08754863813229571 0.002901821699177817
0.08852140077821012 0.002934064162502015
0.08949416342412451 0.002966306625826213
0.09046692607003891 0.002998549089150411
0.0914396887159533 0.003030791552474609
0.09241245136186771 0.003063034015798807
0.0933852140077821 0.003095276479123005
0.0943579766536965 0.003127518942447203
0.09533073929961089 0.003159761405771401
0.0963035019455253 0.003192003869095599
0.09727626459143969 0.003224246332419797
0.09824902723735408 0.003256488795743995
0.09922178988326848 0.003288731259068193
0.1001945525291829 0.003320973722392391
0.1011673151750973 0.003353216185716589
0.1021400778210117 0.003385458649040787
0.1031128404669261 0.003417701112364984
0.1040856031128405 0.003449943575689183
0.1050583657587549 0.003482186039013381
0.1060311284046693 0.003514428502337579
0.1070038910505837 0.003546670965661777
0.1079766536964981 0.003578913428985974
0.1089494163424125 0.003611155892310172
0.1099221789883268 0.00364339835563437
0.1108949416342412 0.003675640818958568
0.1118677042801556 0.003707883282282767
0.11284046692607 0.003740125745606965
0.1138132295719844 0.003772368208931162
0.1147859922178988 0.00380461067225536
0.1157587548638132 0.003836853135579558
0.1167315175097276 0.003869095598903756
0.117704280155642 0.003901338062227954
0.1186770428015564 0.003933580525552152
0.1196498054474708 0.003965822988876351
0.1206225680933852 0.003998065452200548
0.1215953307392996 0.004030307915524746
0.122568093385214 0.004062550378848944
0.1235408560311284 0.004094792842173142
0.1245136186770428 0.00412703530549734
0.1254863813229572 0.004159277768821538
0.1264591439688716 0.004191520232145736
0.127431906614786 0.004223762695469934
0.1284046692607004 0.004256005158794132
0.1293774319066148 0.00428824762211833
0.1303501945525292 0.004320490085442528
0.1313229571984436 0.004352732548766725
0.132295719844358 0.004384975012090924
0.1332684824902724 0.004417217475415122
0.1342412451361868 0.00444945993873932
0.1352140077821012 0.004481702402063518
0.1361867704280156 0.004513944865387715
0.13715953307393 0.004546187328711914
0.1381322957198444 0.004578429792036111
0.1391050583657588 0.00461067225536031
0.1400778210116732 0.004642914718684507
0.1410505836575875 0.004675157182008705
0.1420233463035019 0.004707399645332904
0.1429961089494163 0.004739642108657101
0.1439688715953307 0.0047718845719813
0.1449416342412451 0.004804127035305497
0.1459143968871595 0.004836369498629695
0.1468871595330739 0.004868611961953893
0.1478599221789883 0.004900854425278091
0.1488326848249027 0.00493309688860229
0.1498054474708171 0.004965339351926487
0.1507782101167315 0.004997581815250685
0.1517509727626459 0.005029824278574883
0.1527237354085603 0.005062066741899081
0.1536964980544747 0.005094309205223279
0.1546692607003891 0.005126551668547477
0.1556420233463035 0.005158794131871675
0.1566147859922179 0.005191036595195873
0.1575875486381323 0.005223279058520071
0.1585603112840467 0.005255521521844269
0.1595330739299611 0.005287763985168467
0.1605058365758755 0.005320006448492665
0.1614785992217899 0.005352248911816863
0.1624513618677043 0.005384491375141061
0.1634241245136187 0.005416733838465259
0.1643968871595331 0.005448976301789457
0.1653696498054475 0.005481218765113655
0.1663424124513619 0.005513461228437853
0.1673151750972763 0.00554570369176205
0.1682879377431907 0.005577946155086249
0.1692607003891051 0.005610188618410446
0.1702334630350195 0.005642431081734645
0.1712062256809339 0.005674673545058843
0.1721789883268482 0.00570691600838304
0.1731517509727626 0.005739158471707239
0.174124513618677 0.005771400935031436
0.1750972762645914 0.005803643398355635
0.1760700389105058 0.005835885861679832
0.1770428015564202 0.00586812832500403
0.1780155642023346 0.005900370788328228
0.178988326848249 0.005932613251652426
0.1799610894941634 0.005964855714976625
0.1809338521400778 0.005997098178300822
0.1819066147859922 0.00602934064162502
0.1828793774319066 0.006061583104949218
0.183852140077821 0.006093825568273416
0.1848249027237354 0.006126068031597614
0.1857976653696498 0.006158310494921812
0.1867704280155642 0.00619055295824601
0.1877431906614786 0.006222795421570208
0.188715953307393 0.006255037884894406
0.1896887159533074 0.006287280348218604
0.1906614785992218 0.006319522811542802
0.1916342412451362 0.006351765274866999
0.1926070038910506 0.006384007738191198
0.193579766536965 0.006416250201515396
0.1945525291828794 0.006448492664839594
0.1955252918287938 0.006480735128163792
0.1964980544747082 0.006512977591487989
0.1974708171206226 0.006545220054812188
0.198443579766537 0.006577462518136385
0.1994163424124514 0.006609704981460584
0.2003891050583658 0.006641947444784782
0.2013618677042802 0.006674189908108979
0.2023346303501946 0.006706432371433178
0.2033073929961089 0.006738674834757375
0.2042801556420233 0.006770917298081574
0.2052529182879377 0.006803159761405771
0.2062256809338521 0.006835402224729969
0.2071984435797666 0.006867644688054167
0.2081712062256809 0.006899887151378365
0.2091439688715953 0.006932129614702564
0.2101167315175097 0.006964372078026761
0.2110894941634241 0.006996614541350959
0.2120622568093385 0.007028857004675157
0.2130350194552529 0.007061099467999355
0.2140077821011673 0.007093341931323553
0.2149805447470817 0.007125584394647751
0.2159533073929961 0.007157826857971949
0.2169260700389105 0.007190069321296147
0.2178988326848249 0.007222311784620345
0.2188715953307393 0.007254554247944543
0.2198443579766537 0.007286796711268741
0.2208171206225681 0.007319039174592938
0.2217898832684825 0.007351281637917137
0.2227626459143969 0.007383524101241335
0.2237354085603113 0.007415766564565533
0.2247081712062257 0.007448009027889731
0.2256809338521401 0.007480251491213929
0.2266536964980545 0.007512493954538127
0.2276264591439689 0.007544736417862324
0.2285992217898833 0.007576978881186523
0.2295719844357977 0.007609221344510721
0.2305447470817121 0.007641463807834919
0.2315175097276265 0.007673706271159117
0.2324902723735409 0.007705948734483314
0.2334630350194553 0.007738191197807513
0.2344357976653696 0.00777043366113171
0.235408560311284 0.007802676124455909
0.2363813229571984 0.007834918587780106
0.2373540856031128 0.007867161051104304
0.2383268482490273 0.007899403514428503
0.2392996108949416 0.007931645977752701
0.240272373540856 0.007963888441076898
0.2412451361867704 0.007996130904401096
0.2422178988326848 0.008028373367725295
0.2431906614785992 0.008060615831049492
0.2441634241245136 0.00809285829437369
0.245136186770428 0.008125100757697888
0.2461089494163424 0.008157343221022085
0.2470817120622568 0.008189585684346284
0.2480544747081712 0.008221828147670482
0.2490272373540856 0.008254070610994681
0.25 0.008286313074318877
0.2509727626459144 0.008318555537643076
0.2519455252918288 0.008350798000967274
0.2529182879377432 0.008383040464291471
0.2538910505836576 0.00841528292761567
0.254863813229572 0.008447525390939868
0.2558365758754864 0.008479767854264067
0.2568093385214008 0.008512010317588263
0.2577821011673151 0.008544252780912462
0.2587548638132296 0.00857649524423666
0.259727626459144 0.008608737707560857
0.2607003891050584 0.008640980170885056
0.2616731517509728 0.008673222634209254
0.2626459143968872 0.008705465097533451
0.2636186770428016 0.008737707560857649
0.264591439688716 0.008769950024181848
0.2655642023346304 0.008802192487506046
0.2665369649805447 0.008834434950830243
0.2675097276264591 0.008866677414154442
0.2684824902723735 0.00889891987747864
0.2694552529182879 0.008931162340802837
0.2704280155642023 0.008963404804127035
0.2714007782101167 0.008995647267451234
0.2723735408560311 0.00902788973077543
0.2733463035019455 0.009060132194099629
0.2743190661478599 0.009092374657423827
0.2752918287937743 0.009124617120748026
0.2762645914396887 0.009156859584072223
0.2772373540856031 0.009189102047396421
0.2782101167315175 0.00922134451072062
0.2791828793774319 0.009253586974044816
0.2801556420233463 0.009285829437369015
0.2811284046692607 0.009318071900693213
0.2821011673151751 0.00935031436401741
0.2830739299610895 0.009382556827341609
0.2840466926070039 0.009414799290665807
0.2850194552529183 0.009447041753990006
0.2859922178988327 0.009479284217314202
0.2869649805447471 0.009511526680638401
0.2879377431906615 0.009543769143962599
0.2889105058365758 0.009576011607286796
0.2898832684824903 0.009608254070610995
0.2908560311284047 0.009640496533935193
0.2918287937743191 0.00967273899725939
0.2928015564202335 0.009704981460583588
0.2937743190661479 0.009737223923907787
0.2947470817120623 0.009769466387231985
0.2957198443579767 0.009801708850556182
0.2966926070038911 0.009833951313880381
0.2976653696498054 0.009866193777204579
0.2986381322957198 0.009898436240528776
0.2996108949416342 0.009930678703852974
0.3005836575875486 0.009962921167177173
0.301556420233463 0.009995163630501369
0.3025291828793774 0.01002740609382557
0.3035019455252918 0.01005964855714977
0.3044747081712062 0.01009189102047396
0.3054474708171206 0.01012413348379816
0.306420233463035 0.01015637594712236
0.3073929961089494 0.01018861841044656
0.3083657587548638 0.01022086087377076
0.3093385214007782 0.01025310333709495
0.3103112840466926 0.01028534580041915
0.311284046692607 0.01031758826374335
0.3122568093385214 0.01034983072706755
0.3132295719844358 0.01038207319039175
0.3142023346303502 0.01041431565371594
0.3151750972762646 0.01044655811704014
0.316147859922179 0.01047880058036434
0.3171206225680934 0.01051104304368854
0.3180933852140078 0.01054328550701274
0.3190661478599222 0.01057552797033693
0.3200389105058365 0.01060777043366113
0.321011673151751 0.01064001289698533
0.3219844357976654 0.01067225536030953
0.3229571984435798 0.01070449782363373
0.3239299610894942 0.01073674028695792
0.3249027237354086 0.01076898275028212
0.325875486381323 0.01080122521360632
0.3268482490272374 0.01083346767693052
0.3278210116731518 0.01086571014025471
0.3287937743190661 0.01089795260357891
0.3297665369649805 0.01093019506690311
0.3307392996108949 0.01096243753022731
0.3317120622568093 0.01099467999355151
0.3326848249027237 0.01102692245687571
0.3336575875486381 0.0110591649201999
0.3346303501945525 0.0110914073835241
0.3356031128404669 0.0111236498468483
0.3365758754863813 0.0111558923101725
0.3375486381322957 0.01118813477349669
0.3385214007782101 0.01122037723682089
0.3394941634241245 0.01125261970014509
0.3404669260700389 0.01128486216346929
0.3414396887159533 0.01131710462679349
0.3424124513618677 0.01134934709011769
0.3433852140077821 0.01138158955344188
0.3443579766536965 0.01141383201676608
0.3453307392996109 0.01144607448009028
0.3463035019455253 0.01147831694341448
0.3472762645914397 0.01151055940673867
0.3482490272373541 0.01154280187006287
0.3492217898832685 0.01157504433338707
0.3501945525291829 0.01160728679671127
0.3511673151750972 0.01163952926003547
0.3521400778210117 0.01167177172335966
0.3531128404669261 0.01170401418668386
0.3540856031128405 0.01173625665000806
0.3550583657587549 0.01176849911333226
0.3560311284046693 0.01180074157665646
0.3570038910505837 0.01183298403998065
0.3579766536964981 0.01186522650330485
0.3589494163424125 0.01189746896662905
0.3599221789883268 0.01192971142995325
0.3608949416342412 0.01196195389327745
0.3618677042801556 0.01199419635660164
0.36284046692607 0.01202643881992584
0.3638132295719844 0.01205868128325004
0.3647859922178988 0.01209092374657424
0.3657587548638132 0.01212316620989844
0.3667315175097276 0.01215540867322263
0.367704280155642 0.01218765113654683
0.3686770428015564 0.01221989359987103
0.3696498054474708 0.01225213606319523
0.3706225680933852 0.01228437852651943
0.3715953307392996 0.01231662098984362
0.372568093385214 0.01234886345316782
0.3735408560311284 0.01238110591649202
0.3745136186770428 0.01241334837981622
0.3754863813229572 0.01244559084314042
0.3764591439688716 0.01247783330646461
0.377431906614786 0.01251007576978881
0.3784046692607004 0.01254231823311301
0.3793774319066148 0.01257456069643721
0.3803501945525292 0.01260680315976141
0.3813229571984436 0.0126390456230856
0.382295719844358 0.0126712880864098
0.3832684824902724 0.0127357730130582
0.3842412451361868 0.01280025793970659
0.3852140077821012 0.01286474286635499
0.3861867704280156 0.01292922779300338
0.38715953307393 0.01299371271965178
0.3881322957198444 0.01305819764630018
0.3891050583657588 0.01312268257294857
0.3900778210116732 0.01318716749959697
0.3910505836575875 0.01325165242624536
0.3920233463035019 0.01331613735289376
0.3929961089494163 0.01338062227954216
0.3939688715953307 0.01344510720619055
0.3949416342412451 0.01350959213283895
0.3959143968871595 0.01357407705948734
0.3968871595330739 0.01363856198613574
0.3978599221789883 0.01370304691278414
0.3988326848249028 0.01376753183943253
0.3998054474708171 0.01383201676608093
0.4007782101167315 0.01389650169272932
0.4017509727626459 0.01396098661937772
0.4027237354085603 0.01402547154602612
0.4036964980544747 0.01408995647267451
0.4046692607003891 0.01415444139932291
0.4056420233463035 0.0142189263259713
0.4066147859922179 0.0142834112526197
0.4075875486381323 0.0143478961792681
0.4085603112840467 0.01441238110591649
0.4095330739299611 0.01447686603256489
0.4105058365758755 0.01454135095921328
0.4114785992217899 0.01460583588586168
0.4124513618677043 0.01467032081251008
0.4134241245136187 0.01473480573915847
0.4143968871595331 0.01479929066580687
0.4153696498054475 0.01486377559245526
0.4163424124513619 0.01492826051910366
0.4173151750972763 0.01499274544575206
0.4182879377431907 0.01505723037240045
0.4192607003891051 0.01512171529904885
0.4202334630350195 0.01518620022569724
0.4212062256809339 0.01525068515234564
0.4221789883268482 0.01531517007899403
0.4231517509727626 0.01537965500564243
0.424124513618677 0.01544413993229083
0.4250972762645914 0.01550862485893922
0.4260700389105058 0.01557310978558762
0.4270428015564202 0.01563759471223601
0.4280155642023346 0.01570207963888441
0.428988326848249 0.01576656456553281
0.4299610894941635 0.0158310494921812
0.4309338521400778 0.0158955344188296
0.4319066147859922 0.015960019345478
0.4328793774319066 0.01602450427212639
0.433852140077821 0.01608898919877479
0.4348249027237354 0.01615347412542318
0.4357976653696498 0.01621795905207158
0.4367704280155642 0.01628244397871997
0.4377431906614786 0.01634692890536837
0.438715953307393 0.01641141383201677
0.4396887159533074 0.01647589875866516
0.4406614785992218 0.01654038368531356
0.4416342412451362 0.01660486861196196
0.4426070038910506 0.01666935353861035
0.443579766536965 0.01673383846525875
0.4445525291828794 0.01679832339190714
0.4455252918287938 0.01686280831855554
0.4464980544747082 0.01692729324520393
0.4474708171206226 0.01699177817185233
0.448443579766537 0.01705626309850073
0.4494163424124514 0.01712074802514912
0.4503891050583658 0.01718523295179752
0.4513618677042802 0.01724971787844591
0.4523346303501946 0.01731420280509431
0.4533073929961089 0.0173786877317427
0.4542801556420233 0.0174431726583911
0.4552529182879377 0.0175076575850395
0.4562256809338521 0.01757214251168789
0.4571984435797665 0.01763662743833629
0.4581712062256809 0.01770111236498469
0.4591439688715953 0.01776559729163308
0.4601167315175097 0.01783008221828148
0.4610894941634242 0.01789456714492987
0.4620622568093385 0.01795905207157827
0.4630350194552529 0.01802353699822666
0.4640077821011673 0.01808802192487506
0.4649805447470817 0.01815250685152345
0.4659533073929961 0.01821699177817185
0.4669260700389105 0.01828147670482025
0.4678988326848249 0.01834596163146865
0.4688715953307393 0.01841044655811704
0.4698443579766537 0.01847493148476544
0.4708171206225681 0.01853941641141383
0.4717898832684825 0.01860390133806223
0.4727626459143969 0.01866838626471062
0.4737354085603113 0.01873287119135902
0.4747081712062257 0.01879735611800741
0.4756809338521401 0.01886184104465581
0.4766536964980545 0.01892632597130421
0.4776264591439689 0.0189908108979526
0.4785992217898833 0.019055295824601
0.4795719844357977 0.0191197807512494
0.4805447470817121 0.01918426567789779
0.4815175097276265 0.01924875060454619
0.4824902723735409 0.01931323553119458
0.4834630350194553 0.01937772045784298
0.4844357976653696 0.01944220538449138
0.485408560311284 0.01950669031113977
0.4863813229571984 0.01957117523778817
0.4873540856031128 0.01963566016443656
0.4883268482490272 0.01970014509108496
0.4892996108949416 0.01976463001773335
0.490272373540856 0.01982911494438175
0.4912451361867704 0.01989359987103015
0.4922178988326849 0.01995808479767854
0.4931906614785992 0.02002256972432694
0.4941634241245136 0.02008705465097534
0.495136186770428 0.02015153957762373
0.4961089494163424 0.02021602450427213
0.4970817120622568 0.02028050943092052
0.4980544747081712 0.02034499435756892
0.4990272373540856 0.02040947928421731
0.5 0.02047396421086571
0.5009727626459144 0.0205384491375141
0.5019455252918288 0.0206029340641625
0.5029182879377432 0.0206674189908109
0.5038910505836576 0.0207319039174593
0.504863813229572 0.02079638884410769
0.5058365758754864 0.02086087377075609
0.5068093385214008 0.02092535869740448
0.5077821011673151 0.02098984362405288
0.5087548638132295 0.02105432855070127
0.5097276264591439 0.02111881347734967
0.5107003891050583 0.02118329840399806
0.5116731517509727 0.02124778333064646
0.5126459143968871 0.02131226825729486
0.5136186770428015 0.02137675318394325
0.5145914396887159 0.02144123811059165
0.5155642023346303 0.02150572303724005
0.5165369649805448 0.02157020796388844
0.5175097276264592 0.02163469289053684
0.5184824902723736 0.02169917781718523
0.519455252918288 0.02176366274383363
0.5204280155642024 0.02182814767048202
0.5214007782101168 0.02189263259713042
0.5223735408560312 0.02195711752377882
0.5233463035019456 0.02202160245042721
0.5243190661478599 0.02208608737707561
0.5252918287937743 0.022150572303724
0.5262645914396887 0.0222150572303724
0.5272373540856031 0.0222795421570208
0.5282101167315175 0.02234402708366919
0.5291828793774319 0.02240851201031759
0.5301556420233463 0.02247299693696598
0.5311284046692607 0.02253748186361438
0.5321011673151751 0.02260196679026278
0.5330739299610895 0.02266645171691117
0.5340466926070039 0.02273093664355957
0.5350194552529183 0.02279542157020796
0.5359922178988327 0.02285990649685636
0.5369649805447471 0.02292439142350475
0.5379377431906615 0.02298887635015315
0.5389105058365758 0.02305336127680155
0.5398832684824902 0.02311784620344994
0.5408560311284046 0.02318233113009834
0.541828793774319 0.02324681605674674
0.5428015564202334 0.02331130098339513
0.5437743190661478 0.02337578591004353
0.5447470817120622 0.02344027083669192
0.5457198443579766 0.02350475576334032
0.546692607003891 0.02356924068998871
0.5476653696498055 0.02363372561663711
0.5486381322957199 0.02369821054328551
0.5496108949416343 0.0237626954699339
0.5505836575875487 0.0238271803965823
0.5515564202334631 0.0238916653232307
0.5525291828793775 0.02395615024987909
0.5535019455252919 0.02402063517652749
0.5544747081712063 0.02408512010317588
0.5554474708171206 0.02414960502982428
0.556420233463035 0.02421408995647267
0.5573929961089494 0.02427857488312107
0.5583657587548638 0.02434305980976947
0.5593385214007782 0.02443978719974206
0.5603112840466926 0.02453651458971465
0.561284046692607 0.02463324197968725
0.5622568093385214 0.02472996936965984
0.5632295719844358 0.02482669675963244
0.5642023346303502 0.02492342414960503
0.5651750972762646 0.02502015153957762
0.566147859922179 0.02511687892955022
0.5671206225680934 0.02521360631952281
0.5680933852140078 0.0253103337094954
0.5690661478599222 0.025407061099468
0.5700389105058365 0.02550378848944059
0.5710116731517509 0.02560051587941319
0.5719844357976653 0.02569724326938578
0.5729571984435797 0.02579397065935838
0.5739299610894941 0.02589069804933097
0.5749027237354085 0.02598742543930356
0.5758754863813229 0.02608415282927616
0.5768482490272373 0.02618088021924875
0.5778210116731517 0.02627760760922134
0.5787937743190662 0.02637433499919394
0.5797665369649806 0.02647106238916653
0.580739299610895 0.02656778977913913
0.5817120622568094 0.02666451716911172
0.5826848249027238 0.02676124455908431
0.5836575875486382 0.02685797194905691
0.5846303501945526 0.0269546993390295
0.585603112840467 0.02705142672900209
0.5865758754863813 0.02714815411897469
0.5875486381322957 0.02724488150894728
0.5885214007782101 0.02734160889891988
0.5894941634241245 0.02743833628889247
0.5904669260700389 0.02753506367886507
0.5914396887159533 0.02763179106883766
0.5924124513618677 0.02772851845881025
0.5933852140077821 0.02782524584878285
0.5943579766536965 0.02792197323875544
0.5953307392996109 0.02801870062872804
0.5963035019455253 0.02811542801870063
0.5972762645914397 0.02821215540867322
0.5982490272373541 0.02830888279864582
0.5992217898832685 0.02840561018861841
0.6001945525291829 0.028502337578591
0.6011673151750972 0.0285990649685636
0.6021400778210116 0.02869579235853619
0.603112840466926 0.02879251974850879
0.6040856031128404 0.02888924713848138
0.6050583657587548 0.02898597452845397
0.6060311284046692 0.02908270191842657
0.6070038910505836 0.02917942930839916
0.607976653696498 0.02927615669837175
0.6089494163424124 0.02937288408834435
0.6099221789883269 0.02946961147831694
0.6108949416342413 0.02956633886828954
0.6118677042801557 0.02966306625826213
0.6128404669260701 0.02975979364823473
0.6138132295719845 0.02985652103820732
0.6147859922178989 0.02995324842817991
0.6157587548638133 0.03004997581815251
0.6167315175097277 0.0301467032081251
0.617704280155642 0.03024343059809769
0.6186770428015564 0.03034015798807029
0.6196498054474708 0.03043688537804288
0.6206225680933852 0.03053361276801548
0.6215953307392996 0.03063034015798807
0.622568093385214 0.03072706754796066
0.6235408560311284 0.03082379493793326
0.6245136186770428 0.03092052232790585
0.6254863813229572 0.03101724971787844
0.6264591439688716 0.03111397710785104
0.627431906614786 0.03121070449782364
0.6284046692607004 0.03130743188779623
0.6293774319066148 0.03140415927776882
0.6303501945525292 0.03150088666774142
0.6313229571984436 0.03162985652103821
0.632295719844358 0.031758826374335
0.6332684824902723 0.03188779622763179
0.6342412451361867 0.03201676608092859
0.6352140077821011 0.03214573593422537
0.6361867704280155 0.03227470578752217
0.6371595330739299 0.03240367564081896
0.6381322957198443 0.03253264549411575
0.6391050583657587 0.03266161534741254
0.6400778210116731 0.03279058520070934
0.6410505836575876 0.03291955505400613
0.642023346303502 0.03304852490730292
0.6429961089494164 0.03317749476059971
0.6439688715953308 0.0333064646138965
0.6449416342412452 0.03343543446719329
0.6459143968871596 0.03356440432049008
0.646887159533074 0.03369337417378688
0.6478599221789884 0.03382234402708367
0.6488326848249028 0.03395131388038046
0.6498054474708171 0.03408028373367725
0.6507782101167315 0.03420925358697405
0.6517509727626459 0.03433822344027083
0.6527237354085603 0.03446719329356763
0.6536964980544747 0.03459616314686442
0.6546692607003891 0.03472513300016121
0.6556420233463035 0.034854102853458
0.6566147859922179 0.0349830727067548
0.6575875486381323 0.03511204256005158
0.6585603112840467 0.03524101241334838
0.6595330739299611 0.03536998226664517
0.6605058365758755 0.03549895211994197
0.6614785992217899 0.03562792197323875
0.6624513618677043 0.03575689182653555
0.6634241245136187 0.03588586167983234
0.664396887159533 0.03601483153312913
0.6653696498054474 0.03614380138642592
0.6663424124513618 0.03627277123972272
0.6673151750972762 0.03640174109301951
0.6682879377431906 0.0365307109463163
0.669260700389105 0.03665968079961309
0.6702334630350194 0.03678865065290989
0.6712062256809338 0.03691762050620667
0.6721789883268483 0.03704659035950347
0.6731517509727627 0.03717556021280026
0.6741245136186771 0.03730453006609705
0.6750972762645915 0.03743349991939384
0.6760700389105059 0.03756246977269063
0.6770428015564203 0.03769143962598743
0.6780155642023347 0.03785265194260842
0.6789883268482491 0.0380138642592294
0.6799610894941635 0.0381750765758504
0.6809338521400778 0.03833628889247138
0.6819066147859922 0.03849750120909237
0.6828793774319066 0.03865871352571337
0.683852140077821 0.03881992584233435
0.6848249027237354 0.03898113815895535
0.6857976653696498 0.03914235047557633
0.6867704280155642 0.03930356279219732
0.6877431906614786 0.03946477510881832
0.688715953307393 0.0396259874254393
0.6896887159533074 0.03978719974206029
0.6906614785992218 0.03994841205868128
0.6916342412451362 0.04010962437530227
0.6926070038910506 0.04027083669192327
0.693579766536965 0.04043204900854425
0.6945525291828794 0.04059326132516524
0.6955252918287937 0.04075447364178623
0.6964980544747081 0.04091568595840722
0.6974708171206225 0.04107689827502821
0.6984435797665369 0.0412381105916492
0.6994163424124513 0.04139932290827019
0.7003891050583657 0.04159277768821538
0.7013618677042801 0.04178623246816057
0.7023346303501945 0.04197968724810575
0.703307392996109 0.04217314202805094
0.7042801556420234 0.04236659680799613
0.7052529182879378 0.04256005158794132
0.7062256809338522 0.04275350636788651
0.7071984435797666 0.0429469611478317
0.708171206225681 0.04314041592777688
0.7091439688715954 0.04333387070772207
0.7101167315175098 0.04352732548766726
0.7110894941634242 0.04372078026761245
0.7120622568093385 0.04391423504755763
0.7130350194552529 0.04410768982750282
0.7140077821011673 0.04430114460744801
0.7149805447470817 0.0444945993873932
0.7159533073929961 0.04468805416733838
0.7169260700389105 0.04488150894728357
0.7178988326848249 0.04507496372722876
0.7188715953307393 0.04526841850717395
0.7198443579766537 0.04546187328711913
0.7208171206225681 0.04565532806706432
0.7217898832684825 0.04584878284700951
0.7227626459143969 0.0460422376269547
0.7237354085603113 0.04623569240689988
0.7247081712062257 0.04642914718684508
0.7256809338521401 0.04662260196679027
0.7266536964980544 0.04684829921005965
0.7276264591439688 0.04707399645332903
0.7285992217898832 0.04729969369659842
0.7295719844357976 0.04752539093986781
0.730544747081712 0.04775108818313719
0.7315175097276264 0.04797678542640658
0.7324902723735408 0.04820248266967597
0.7334630350194552 0.04842817991294535
0.7344357976653697 0.04865387715621473
0.7354085603112841 0.04887957439948412
0.7363813229571985 0.04910527164275351
0.7373540856031129 0.04933096888602289
0.7383268482490273 0.04955666612929228
0.7392996108949417 0.04978236337256167
0.7402723735408561 0.05000806061583105
0.7412451361867705 0.05023375785910043
0.7422178988326849 0.05045945510236982
0.7431906614785992 0.05068515234563921
0.7441634241245136 0.05091084958890859
0.745136186770428 0.05113654683217798
0.7461089494163424 0.05136224407544736
0.7470817120622568 0.05158794131871675
0.7480544747081712 0.05181363856198613
0.7490272373540856 0.05203933580525552
0.75 0.05226503304852491
0.7509727626459144 0.05252297275511849
0.7519455252918288 0.05278091246171208
0.7529182879377432 0.05303885216830566
0.7538910505836576 0.05329679187489924
0.754863813229572 0.05355473158149283
0.7558365758754864 0.05381267128808641
0.7568093385214008 0.05407061099468
0.7577821011673151 0.05432855070127358
0.7587548638132295 0.05458649040786716
0.7597276264591439 0.05484443011446075
0.7607003891050583 0.05510236982105433
0.7616731517509727 0.05536030952764791
0.7626459143968871 0.0556182492342415
0.7636186770428015 0.05587618894083508
0.7645914396887159 0.05613412864742866
0.7655642023346303 0.05639206835402225
0.7665369649805448 0.05665000806061583
0.7675097276264592 0.05690794776720941
0.7684824902723736 0.057165887473803
0.769455252918288 0.05745606964372078
0.7704280155642024 0.05774625181363856
0.7714007782101168 0.05803643398355635
0.7723735408560312 0.05832661615347413
0.7733463035019456 0.05861679832339191
0.7743190661478599 0.05890698049330969
0.7752918287937743 0.05919716266322747
0.7762645914396887 0.05948734483314525
0.7772373540856031 0.05977752700306303
0.7782101167315175 0.06006770917298081
0.7791828793774319 0.0603578913428986
0.7801556420233463 0.06064807351281638
0.7811284046692607 0.06093825568273416
0.7821011673151751 0.06122843785265195
0.7830739299610895 0.06151862002256973
0.7840466926070039 0.06180880219248751
0.7850194552529183 0.06209898436240529
0.7859922178988327 0.06242140899564727
0.7869649805447471 0.06274383362888925
0.7879377431906615 0.06306625826213123
0.7889105058365758 0.06338868289537321
0.7898832684824902 0.06371110752861518
0.7908560311284046 0.06403353216185717
0.791828793774319 0.06435595679509915
0.7928015564202334 0.06467838142834112
0.7937743190661478 0.06500080606158311
0.7947470817120622 0.06532323069482508
0.7957198443579766 0.06564565532806707
0.796692607003891 0.06596807996130905
0.7976653696498055 0.06629050459455102
0.7986381322957199 0.06661292922779301
0.7996108949416343 0.06696759632435918
0.8005836575875487 0.06732226342092536
0.8015564202334631 0.06767693051749153
0.8025291828793775 0.06803159761405772
0.8035019455252919 0.0683862647106239
0.8044747081712063 0.06874093180719007
0.8054474708171206 0.06909559890375624
0.806420233463035 0.06945026600032242
0.8073929961089494 0.06980493309688861
0.8083657587548638 0.07015960019345478
0.8093385214007782 0.07051426729002096
0.8103112840466926 0.07086893438658713
0.811284046692607 0.07122360148315331
0.8122568093385214 0.0716105110430437
0.8132295719844358 0.07199742060293407
0.8142023346303502 0.07238433016282445
0.8151750972762646 0.07277123972271482
0.816147859922179 0.07315814928260519
0.8171206225680934 0.07354505884249557
0.8180933852140078 0.07393196840238594
0.8190661478599222 0.07431887796227632
0.8200389105058365 0.07470578752216669
0.8210116731517509 0.07512493954538127
0.8219844357976653 0.07554409156859584
0.8229571984435797 0.07596324359181042
0.8239299610894941 0.07641463807834918
0.8249027237354085 0.07686603256488796
0.8258754863813229 0.07731742705142673
0.8268482490272373 0.07776882153796551
0.8278210116731517 0.07822021602450427
0.8287937743190662 0.07867161051104304
0.8297665369649806 0.07912300499758182
0.830739299610895 0.07957439948412058
0.8317120622568094 0.08002579397065936
0.8326848249027238 0.08047718845719813
0.8336575875486382 0.08092858294373691
0.8346303501945526 0.08137997743027567
0.835603112840467 0.08183137191681444
0.8365758754863813 0.08231500886667742
0.8375486381322957 0.08279864581654038
0.8385214007782101 0.08328228276640336
0.8394941634241245 0.08376591971626632
0.8404669260700389 0.08424955666612929
0.8414396887159533 0.08473319361599226
0.8424124513618677 0.08521683056585523
0.8433852140077821 0.08570046751571821
0.8443579766536965 0.08618410446558117
0.8453307392996109 0.08666774141544414
0.8463035019455253 0.08715137836530711
0.8472762645914397 0.08766725777849428
0.8482490272373541 0.08818313719168144
0.8492217898832685 0.08869901660486861
0.8501945525291829 0.08921489601805578
0.8511673151750972 0.08976301789456714
0.8521400778210116 0.09031113977107851
0.853112840466926 0.09085926164758988
0.8540856031128404 0.09140738352410124
0.8550583657587548 0.09198774786393681
0.8560311284046692 0.09256811220377237
0.8570038910505836 0.09314847654360793
0.857976653696498 0.09372884088344349
0.8589494163424124 0.09430920522327906
0.8599221789883269 0.09492181202643882
0.8608949416342413 0.09553441882959858
0.8618677042801557 0.09614702563275834
0.8628404669260701 0.09675963243591811
0.8638132295719845 0.09740448170240207
0.8647859922178989 0.09804933096888602
0.8657587548638133 0.09872642269869418
0.8667315175097277 0.09940351442850234
0.867704280155642 0.1000806061583105
0.8686770428015564 0.1007576978881187
0.8696498054474708 0.1014347896179268
0.8706225680933852 0.102111881347735
0.8715953307392996 0.1027889730775431
0.872568093385214 0.1034983072706755
0.8735408560311284 0.1042076414638078
0.8745136186770428 0.1049169756569402
0.8754863813229572 0.1056585523133967
0.8764591439688716 0.1064001289698533
0.877431906614786 0.1071417056263099
0.8784046692607004 0.1078832822827664
0.8793774319066148 0.108624858939223
0.8803501945525292 0.1093986780590037
0.8813229571984436 0.1102047396421087
0.882295719844358 0.1110108012252136
0.8832684824902723 0.1118168628083186
0.8842412451361867 0.1126229243914235
0.8852140077821011 0.1134289859745285
0.8861867704280155 0.1142350475576334
0.8871595330739299 0.1150733516040626
0.8881322957198443 0.1159116556504917
0.8891050583657587 0.1167499596969208
0.8900778210116731 0.11758826374335
0.8910505836575876 0.1184588102531033
0.892023346303502 0.1193293567628567
0.8929961089494164 0.1202321457359342
0.8939688715953308 0.1211349347090118
0.8949416342412452 0.1220377236820893
0.8959143968871596 0.1229405126551669
0.896887159533074 0.1238433016282444
0.8978599221789884 0.1247783330646461
0.8988326848249028 0.1257456069643721
0.8998054474708171 0.126712880864098
0.9007782101167315 0.127680154763824
0.9017509727626459 0.1286796711268741
0.9027237354085603 0.1297114299532484
0.9036964980544747 0.1307431887796228
0.9046692607003891 0.1318071900693213
0.9056420233463035 0.1328711913590198
0.9066147859922179 0.1339351926487184
0.9075875486381323 0.1350314364017411
0.9085603112840467 0.1361276801547638
0.9095330739299611 0.1372239239077866
0.9105058365758755 0.1383201676608093
0.9114785992217899 0.139416411413832
0.9124513618677043 0.1405448976301789
0.9134241245136187 0.1416733838465259
0.914396887159533 0.142834112526197
0.9153696498054474 0.1440270836691923
0.9163424124513618 0.1452522972755118
0.9173151750972762 0.1464775108818314
0.9182879377431906 0.1477027244881509
0.919260700389105 0.1489279380944704
0.9202334630350194 0.1501531517007899
0.9212062256809338 0.1513783653071095
0.9221789883268483 0.1526358213767532
0.9231517509727627 0.1538932774463969
0.9241245136186771 0.1551507335160406
0.9250972762645915 0.1565371594389811
0.9260700389105059 0.1579235853619217
0.9270428015564203 0.159438981138159
0.9280155642023347 0.1609543769143963
0.9289883268482491 0.1624697726906336
0.9299610894941635 0.1640174109301951
0.9309338521400778 0.165629534096405
0.9319066147859922 0.1672416572626149
0.9328793774319066 0.168886022892149
0.933852140077821 0.1705626309850073
0.9348249027237354 0.1722392390778655
0.9357976653696498 0.173948089634048
0.9367704280155642 0.1756569401902305
0.9377431906614786 0.1773980332097372
0.938715953307393 0.1791713686925681
0.9396887159533074 0.180944704175399
0.9406614785992218 0.1827180396582299
0.9416342412451362 0.1845558600677092
0.9426070038910506 0.1864259229405127
0.943579766536965 0.1883604707399645
0.9445525291828794 0.1903595034660648
0.9455252918287937 0.1923907786554893
0.9464980544747081 0.1944865387715621
0.9474708171206225 0.196743511204256
0.9484435797665369 0.1990649685635983
0.9494163424124513 0.2013864259229405
0.9503891050583657 0.2037078832822828
0.9513618677042801 0.2060615831049492
0.9523346303501945 0.2084152829276157
0.953307392996109 0.2108012252136063
0.9542801556420234 0.2132516524262454
0.9552529182879378 0.2157343221022086
0.9562256809338522 0.2182492342414961
0.9571984435797666 0.2208608737707561
0.958171206225681 0.2235692406899887
0.9591439688715954 0.2263420925358697
0.9601167315175098 0.2291794293083992
0.9610894941634242 0.2320490085442528
0.9620622568093385 0.2349185877801064
0.9630350194552529 0.23778816701596
0.9640077821011673 0.2406577462518136
0.9649805447470817 0.243817507657585
0.9659533073929961 0.2471384813799774
0.9669260700389105 0.250491697565694
0.9678988326848249 0.2540061260680316
0.9688715953307393 0.257810736740287
0.9698443579766537 0.2617765597291633
0.9708171206225681 0.265806867644688
0.9717898832684825 0.2703208125100758
0.9727626459143969 0.2749637272287603
0.9737354085603113 0.279638884410769
0.9747081712062257 0.2843785265194261
0.9756809338521401 0.2893116234080284
0.9766536964980544 0.2945671449298726
0.9776264591439688 0.3000483636949863
0.9785992217898832 0.3055295824600999
0.9795719844357976 0.3123649846848299
0.980544747081712 0.3192648718362083
0.9815175097276264 0.3263904562308561
0.9824902723735408 0.3337739803320974
0.9834630350194552 0.3418023536998226
0.9844357976653697 0.3499274544575205
0.9854085603112841 0.3582460099951637
0.9863813229571985 0.3673061421892633
0.9873540856031129 0.3764630017733355
0.9883268482490273 0.3870062872803482
0.9892996108949417 0.3980976946638723
0.9902723735408561 0.4093825568273416
0.9912451361867705 0.4206674189908109
0.9922178988326849 0.4344027083669192
0.9931906614785992 0.4494921812026439
0.9941634241245136 0.4659035950346607
0.995136186770428 0.4868611961953893
0.9961089494163424 0.5103659519587297
0.9970817120622568 0.5432855070127358
0.9980544747081712 0.5789456714492988
0.9990272373540856 0.6239883927132033
1 1
