0.01886792452830189 0.00023872045834328
0.03773584905660377 0.00047744091668656
0.05660377358490566 0.0007161613750298401
0.07547169811320754 0.0009548818333731201
0.09433962264150944 0.0011936022917164
0.1132075471698113 0.00167104320840296
0.1320754716981132 0.00214848412508952
0.1509433962264151 0.00262592504177608
0.169811320754717 0.00310336595846264
0.1886792452830189 0.0035808068751492
0.2075471698113208 0.00405824779183576
0.2264150943396226 0.00453568870852232
0.2452830188679245 0.00501312962520888
0.2641509433962264 0.00549057054189544
0.2830188679245283 0.005968011458582
0.3018867924528302 0.00644545237526856
0.3207547169811321 0.007400334208641681
0.3396226415094339 0.0083552160420148
0.3584905660377358 0.00931009787538792
0.3773584905660378 0.01026497970876104
0.3962264150943396 0.01121986154213416
0.4150943396226415 0.01217474337550728
0.4339622641509434 0.0131296252088804
0.4528301886792453 0.01408450704225352
0.4716981132075472 0.0155168297923132
0.4905660377358491 0.01766531391740272
0.5094339622641509 0.01981379804249224
0.5283018867924528 0.02220100262592504
0.5471698113207547 0.02458820720935784
0.5660377358490566 0.02697541179279064
0.5849056603773585 0.02960133683456672
0.6037735849056604 0.0322272618763428
0.6226415094339622 0.03509190737646217
0.6415094339622641 0.0381952733349248
0.660377358490566 0.04201480066841728
0.6792452830188679 0.04607304846025304
0.6981132075471698 0.0549057054189544
0.7169811320754716 0.06397708283599904
0.7358490566037735 0.07304846025304369
0.7547169811320755 0.08450704225352113
0.7735849056603774 0.09620434471234185
0.7924528301886793 0.1086178085461924
0.8113207547169812 0.1219861542134161
0.8301886792452831 0.1415612317975651
0.8490566037735849 0.1685366435903557
0.8679245283018868 0.2079255192169969
0.8867924528301887 0.2501790403437575
0.9056603773584906 0.2979231320124134
0.9245283018867925 0.3513965146813082
0.9433962264150944 0.407495822391979
0.9622641509433962 0.4972547147290523
0.9811320754716981 0.6488422057770351
1 1
