0.02222222222222222 6.233248145608676e-05
0.04444444444444445 0.0001246649629121735
0.06666666666666667 0.0001869974443682603
0.08888888888888889 0.0003116624072804338
0.1111111111111111 0.0004363273701926074
0.1333333333333333 0.0005609923331047809
0.1555555555555556 0.0006856572960169544
0.1777777777777778 0.0008726547403852148
0.2 0.001121984666209562
0.2222222222222222 0.001433647073489996
0.2444444444444444 0.00193230692513869
0.2666666666666667 0.002430966776787384
0.2888888888888889 0.002929626628436078
0.3111111111111111 0.003490618961540859
0.3333333333333333 0.00405161129464564
0.3555555555555556 0.004674936109206508
0.3777777777777778 0.005360593405223462
0.4 0.006794240478713458
0.4222222222222222 0.008664214922396061
0.4444444444444444 0.01072118681044692
0.4666666666666667 0.01333915103160257
0.4888888888888889 0.01626877766003865
0.5111111111111111 0.01975939662157951
0.5333333333333333 0.02437200024932993
0.5555555555555556 0.02960792869164122
0.5777777777777777 0.03528018450414511
0.6 0.04101477279810509
0.6222222222222222 0.04674936109206507
0.6444444444444445 0.05260861434893723
0.6666666666666666 0.05871719753163374
0.6888888888888889 0.06619709530636414
0.7111111111111111 0.0767936171538989
0.7333333333333333 0.09094309044443059
0.7555555555555555 0.1089571775852397
0.7777777777777778 0.1290905690955557
0.8 0.1621267842672817
0.8222222222222222 0.2000872654740385
0.8444444444444444 0.2538801969706414
0.8666666666666667 0.3207006170915664
0.8888888888888888 0.3948762700243097
0.9111111111111111 0.4703609050676307
0.9333333333333333 0.5469051922957053
0.9555555555555556 0.647946144736022
0.9777777777777777 0.7544723555444742
1 1
